4
1 16 9 13 11 8 14 10 3 6 7 4 12 15 5 2
11 14 4 12 6 3 5 7 2 15 9 10 1 8 13 16
5 15 7 8 4 1 9 2 16 13 11 12 14 3 10 6
3 6 2 10 16 15 12 13 1 8 14 5 7 9 11 4
8 7 13 6 2 5 4 11 9 10 1 15 3 16 14 12
12 11 14 4 3 13 15 9 7 16 8 6 5 1 2 10
16 2 5 15 12 10 8 1 11 14 4 3 6 13 7 9
10 9 3 1 7 6 16 14 12 2 5 13 4 11 15 8
2 8 6 3 14 4 13 12 15 7 10 1 9 5 16 11
4 13 10 11 5 7 3 15 8 9 16 14 2 6 12 1
14 12 1 7 9 11 10 16 6 5 3 2 13 4 8 15
15 5 16 9 8 2 1 6 4 12 13 11 10 14 3 7
6 3 12 5 1 14 2 8 10 11 15 9 16 7 4 13
7 4 8 2 10 9 11 5 13 3 6 16 15 12 1 14
13 10 11 14 15 16 6 4 5 1 12 7 8 2 9 3
9 1 15 16 13 12 7 3 14 4 2 8 11 10 6 5
