4
0 16 9 0 11 8 0 10 3 0 7 4 0 15 5 0
11 0 0 12 0 3 5 7 0 15 9 0 1 8 0 16
5 0 0 8 0 0 9 0 16 13 0 12 14 0 10 6
0 6 2 0 16 15 0 13 1 0 14 5 0 9 11 0
8 0 0 6 0 0 4 0 0 10 1 0 3 16 0 12
12 0 0 4 0 0 15 0 0 16 0 6 5 0 2 10
0 2 5 0 12 10 0 1 11 0 4 3 0 13 7 0
10 9 0 1 0 0 16 0 0 2 0 0 4 11 0 8
2 0 6 3 0 0 13 0 0 7 0 0 9 0 16 11
0 13 10 0 5 7 0 15 8 0 16 14 0 6 12 0
14 12 0 7 9 0 10 0 0 5 0 0 13 0 0 15
15 0 16 9 0 2 1 0 0 12 0 0 10 14 0 7
0 3 12 0 1 14 0 8 10 0 15 9 0 7 4 0
7 4 0 2 10 0 11 5 0 3 0 0 15 0 0 14
13 0 11 14 0 16 6 0 5 1 0 0 8 0 0 3
0 1 15 0 13 12 0 3 14 0 2 8 0 10 6 0
